1110000000000011001000
1111111111111111100100
1111111111111110011100
1111111111111100111000
0000000000000001100100
0000000000000100101100
0000000000000011001000
1111111111111110011100
0000000000000001100100
0000000000000100101100
0000000000001010111100
1111111111111011010100
0000000000000000000111
1111111111111111111101
0000000000000000001000
0000000000000000001111
0011001001110001001111
1111110111001100111101
0111110110001000111100
1001000011111111011000
0011011001000100101111
0111101011111110100001
1010111001001001111001
1000111000111011100111
1111100111010100001111
1010100110000001100010
1010101001101011011100
0101000101000000010100
0011101010011110110010
0011101010011110110010
1110100000011010000110
1110100000011010000111
0011101010010010010000
1111100101101000111101
1111110110101001001101
1010010000100000111010
0100001000101001001011
0100111001110001111011
0110101000000000001001
1000101000111100000001
1011000011101110100001
0101010110001110010110
1110011010011101010110
1010011111000111001001
0001100111001001110001
1101110101110110011100
1101111011001110011001
1001010101011100010110
0011100000101110111110
0011110011010111110111
1110010100010101101100
1001000000111001101111
0001111110101100111000
1111011101110111011110
0011000111100001110000
0011101101000011110010
1110111110010100010101
0100001000010110110011
0000010000110011001101
1101111101100000001011
1010110110000011101011
0111100111001101111011
0101110100111111101011
1000110000110010010100
