0000000000000001000010
0000000000000000101011
0000000000000001110000
0000000000000000101011
0000000000000000101100
0000000000000000110111
0000000000000000100000
0000000000000000101100
0000000000000000000000
0000000000000000010111
0000000000000000101101
0000000000000000010111
0000000000000000110011
0000000000000000010110
0000000000000001110000
0000000000000000111000
0000000000000001010111
0000000000000000001011
0000000000000000011101
0000000000000000001011
0000000000000000100000
0000000000000000100001
0000000000000000101011
0000000000000001000010
0000000000000000111000
0000000000000000100000
0000000000000000000000
0000000000000000100000
0000000000000001110000
0000000000000000101100
0000000000000000010101
0000000000000001011000
0000000000000001111011
0000000000000000101101
0000000000000000110110
0000000000000101001100
0000000000000000101011
0000000000000000001011
0000000000000001010000
0000000000000001100001
0000000000000000001011
0000000000000001000011
0000000000000000100000
0000000000000001110000
0000000000000011010110
0000000000000000011111
0000000000000001100010
0000000000000001110000
0000000000000000110111
0000000000000000100000
0000000000000000111000
0000000000000001100011
0000000000000000000000
0000000000000000110111
0000000000000000100111
0000000000000000001011
0000000000000000001011
0000000000000000001011
0000000000000001001101
0000000000000001011000
0000000000000001110000
0000000000000000101100
0000000000000000000000
0000000000000001011000
